0 0.2421875 0.06875 0.7390625 0.06875 0.7390625 0.3125 0.2421875 0.3125
0 0.6515625 0.31875 0.7171875 0.31875 0.7171875 0.475 0.6515625 0.475
0 0.5515625 0.32734375 0.6296875 0.32734375 0.6296875 0.48828125 0.5515625 0.48828125
0 0.46015625 0.3234375 0.53046875 0.3234375 0.53046875 0.4796875 0.46015625 0.4796875
0 0.35703125 0.3265625 0.43984375 0.3265625 0.43984375 0.4796875 0.35703125 0.4796875
0 0.259375 0.334375 0.35 0.334375 0.35 0.471875 0.259375 0.471875
0 0.659375 0.48359375 0.728125 0.48359375 0.728125 0.69140625 0.659375 0.69140625
0 0.5421875 0.49296875 0.6359375 0.49296875 0.6359375 0.68828125 0.5421875 0.68828125
0 0.44921875 0.48359375 0.51953125 0.48359375 0.51953125 0.68203125 0.44921875 0.68203125
0 0.365625 0.47734375 0.421875 0.47734375 0.421875 0.68828125 0.365625 0.68828125
0 0.2453125 0.48203125 0.3296875 0.48203125 0.3296875 0.69921875 0.2453125 0.69921875